# X Marks The Spot!

type: julia
centerx: -0.251833357526491
centery: 0.202938441870375
axislength: 0.0120869329407663
pixels: 640
iterations: 256
creal: -1.0125
cimag: 0.275