# A branching spiral, rendered to 512 iterations

type: mandelbrot
centerx: 0.354957789387306
centery: -0.338644137198173
axislength: 5.05822370716613e-06
pixels: 640
iterations: 512