# This one reminds me of coral

type: mandelbrot
centerx: -0.693792639088625
centery: -0.36850658033037173
axislength: 0.005
pixels: 640
iterations: 512