# Down the rabbit  h o l e   y  o  u       g     o
centerx: -0.76
centery: 0.117684887459807
pixels: 640
type:   mandelbrot
axislength: 0.204501607717042
iterations: 256
