# Down the rabbit  h o l e   y  o  u       g     o

type: mandelbrot
centerx: -0.76
centery: 0.117684887459807
axislength: 0.204501607717042
pixels: 640
iterations: 256