# spiral0 from the original starter code

type: mandelbrot
centerx: -0.761335372924805
centery: 0.0835704803466797
axislength: 0.00497817993164062
pixels: 640
iterations: 512