# An homage to Utah's official work of art
# Have you ever visited the northeast shore of the Great Salt Lake?

iterations: 1024
pixels: 1024
type: mandelbrot
centerx: -0.761335372924805
centery: 0.0835704803466797
axislength: 0.00497817993164062
