# Reminds me of a starfish... you can see it, too, right?

type: mandelbrot
centerx: -0.463595023481762
centery: 0.598380871135558
axislength: 0.00128413675654471
pixels: 640
iterations: 312