# Antlers in the Mandelbrot^3 set

type: mandelbrot3
centerx: 0.651324
centery: 0.5112312
axislength: 0.122301
pixels: 640
iterations: 128