# Curls made of curls in the Mandelbrot^4 fractal

type: mandelbrot4
centerx: -0.24756781
centery: 0.46511148
axislength: 0.000600098
pixels: 640
iterations: 384