# Swirls deep in the Mandelbrot^4 fractal

type: mandelbrot4
centerx: 0.3491936
centery: -0.7073472
axislength: 0.001259061
pixels: 640
iterations: 384